262144000S,0C
0 0
5474 1
42968 1
         966            1
41142 1
3500 1
2411 1
6483 1
12589 1
9603 1
12486 1
13873 1
4793 1
28399 1
10471 1
8232 1
5662 1
5527 1
4607 1
6510 1
13436 1
2368 1
11565 1
12248 1
8188 1
30541 1
36678 1
3462 1
5170 1
40516 1
2691 1
40278 1
4093 1
30201 1
2680 1
9807 1
17184 1
2708 1
38154 1
8469 1
29666 1
3699 1
132455 1
10107 1
27066 1
15701 1
207259 1
2388 1
13488 1
11203 1
12898 1
20654 1
38329 1
12345 1
5609 1
4427 1
7909 1
2660 1
5003 1
2160 1
108270 1
12761 1
3063 1
262525 1
12804 1
18875 1
12276 1
2575 1
12271 1
12271 1
14142 1
20679 1
20761 1
14804 1
2637 1
708885 1
10248 1
2322 1
6296 1
13536 1
15863 1
10378 1
65148 1
157956 1
9228 1
3627 1
88679 1
3192 1
4634 1
8473 1
4634 1
5248 1
27364 1
25338 1
2424 1
16047 1
24469 1
18700 1
20940 1
10435 1
21050 1
23456 1
24499 1
25667 1
20554 1
115199 1
8631 1
10440 1
